7f45 4c46 0201 0100 0000 0000 0000 0000
0300 3e00 0100 0000 a00a 0000 0000 0000
4000 0000 0000 0000 d037 0000 0000 0000
0000 0000 4000 3800 0900 4000 1d00 1c00
0600 0000 0400 0000 4000 0000 0000 0000
4000 0000 0000 0000 4000 0000 0000 0000
f801 0000 0000 0000 f801 0000 0000 0000
0800 0000 0000 0000 0300 0000 0400 0000
3802 0000 0000 0000 3802 0000 0000 0000
3802 0000 0000 0000 1c00 0000 0000 0000
1c00 0000 0000 0000 0100 0000 0000 0000
0100 0000 0500 0000 0000 0000 0000 0000
0000 0000 0000 0000 0000 0000 0000 0000
8814 0000 0000 0000 8814 0000 0000 0000
0000 2000 0000 0000 0100 0000 0600 0000
281d 0000 0000 0000 281d 2000 0000 0000
281d 2000 0000 0000 e802 0000 0000 0000
1004 0000 0000 0000 0000 2000 0000 0000
0200 0000 0600 0000 401d 0000 0000 0000
401d 2000 0000 0000 401d 2000 0000 0000
0002 0000 0000 0000 0002 0000 0000 0000
0800 0000 0000 0000 0400 0000 0400 0000
5402 0000 0000 0000 5402 0000 0000 0000
5402 0000 0000 0000 4400 0000 0000 0000
4400 0000 0000 0000 0400 0000 0000 0000
50e5 7464 0400 0000 9012 0000 0000 0000
9012 0000 0000 0000 9012 0000 0000 0000
5c00 0000 0000 0000 5c00 0000 0000 0000
0400 0000 0000 0000 51e5 7464 0600 0000
0000 0000 0000 0000 0000 0000 0000 0000
0000 0000 0000 0000 0000 0000 0000 0000
0000 0000 0000 0000 1000 0000 0000 0000
52e5 7464 0400 0000 281d 0000 0000 0000
281d 2000 0000 0000 281d 2000 0000 0000
d802 0000 0000 0000 d802 0000 0000 0000
0100 0000 0000 0000 2f6c 6962 3634 2f6c
642d 6c69 6e75 782d 7838 362d 3634 2e73
6f2e 3200 0400 0000 1000 0000 0100 0000
474e 5500 0000 0000 0300 0000 0200 0000
0000 0000 0400 0000 1400 0000 0300 0000
474e 5500 309a b9a5 bf58 db74 e650 a9c3
a223 780d 6341 b726 0200 0000 1600 0000
0100 0000 0600 0000 0000 1000 0100 0000
1600 0000 0000 0000 1598 0c43 0000 0000
0000 0000 0000 0000 0000 0000 0000 0000
0000 0000 0000 0000 6e01 0000 2200 0000
0000 0000 0000 0000 0000 0000 0000 0000
7e00 0000 1200 0000 0000 0000 0000 0000
0000 0000 0000 0000 5501 0000 1200 0000
0000 0000 0000 0000 0000 0000 0000 0000
d100 0000 1200 0000 0000 0000 0000 0000
0000 0000 0000 0000 6201 0000 1200 0000
0000 0000 0000 0000 0000 0000 0000 0000
6d00 0000 1200 0000 0000 0000 0000 0000
0000 0000 0000 0000 3201 0000 1200 0000
0000 0000 0000 0000 0000 0000 0000 0000
2701 0000 1200 0000 0000 0000 0000 0000
0000 0000 0000 0000 5d01 0000 1200 0000
0000 0000 0000 0000 0000 0000 0000 0000
b900 0000 1200 0000 0000 0000 0000 0000
0000 0000 0000 0000 2d01 0000 1200 0000
0000 0000 0000 0000 0000 0000 0000 0000
4a01 0000 1200 0000 0000 0000 0000 0000
0000 0000 0000 0000 6901 0000 1200 0000
0000 0000 0000 0000 0000 0000 0000 0000
4301 0000 1200 0000 0000 0000 0000 0000
0000 0000 0000 0000 4f01 0000 1200 0000
0000 0000 0000 0000 0000 0000 0000 0000
1301 0000 1200 0000 0000 0000 0000 0000
0000 0000 0000 0000 1f00 0000 2000 0000
0000 0000 0000 0000 0000 0000 0000 0000
7d01 0000 1200 0000 0000 0000 0000 0000
0000 0000 0000 0000 1000 0000 2000 0000
0000 0000 0000 0000 0000 0000 0000 0000
3b00 0000 2000 0000 0000 0000 0000 0000
0000 0000 0000 0000 5500 0000 1200 0000
0000 0000 0000 0000 0000 0000 0000 0000
0901 0000 1100 1800 2020 2000 0000 0000
1001 0000 0000 0000 006c 6962 7374 6463
2b2b 2e73 6f2e 3600 5f5f 676d 6f6e 5f73
7461 7274 5f5f 005f 4954 4d5f 6465 7265
6769 7374 6572 544d 436c 6f6e 6554 6162
6c65 005f 4954 4d5f 7265 6769 7374 6572
544d 436c 6f6e 6554 6162 6c65 005f 5a4e
5374 3869 6f73 5f62 6173 6534 496e 6974
4431 4576 005f 5a4e 536f 6c73 4550 4652
536f 535f 4500 5f5a 5374 3465 6e64 6c49
6353 7431 3163 6861 725f 7472 6169 7473
4963 4545 5253 7431 3362 6173 6963 5f6f
7374 7265 616d 4954 5f54 305f 4553 365f
005f 5a4e 5374 3869 6f73 5f62 6173 6534
496e 6974 4331 4576 005f 5a53 746c 7349
5374 3131 6368 6172 5f74 7261 6974 7349
6345 4552 5374 3133 6261 7369 635f 6f73
7472 6561 6d49 6354 5f45 5335 5f50 4b63
005f 5a53 7434 636f 7574 005f 5a4e 536f
6c73 4569 006c 6962 632e 736f 2e36 0066
6f70 656e 0070 7574 7300 5f5f 7374 6163
6b5f 6368 6b5f 6661 696c 0073 7472 746f
6b00 6665 6f66 0066 6765 7473 005f 5f63
7861 5f61 7465 7869 7400 6663 6c6f 7365
0061 746f 6900 5f5f 6378 615f 6669 6e61
6c69 7a65 005f 5f6c 6962 635f 7374 6172
745f 6d61 696e 0047 4c49 4243 5858 5f33
2e34 0047 4c49 4243 5f32 2e34 0047 4c49
4243 5f32 2e32 2e35 0000 0000 0200 0300
0200 0300 0200 0300 0400 0200 0200 0300
0200 0200 0200 0200 0200 0300 0000 0200
0000 0000 0300 0300 0100 0100 0100 0000
1000 0000 2000 0000 7429 9208 0000 0300
8f01 0000 0000 0000 0100 0200 1d01 0000
1000 0000 0000 0000 1469 690d 0000 0400
9b01 0000 1000 0000 751a 6909 0000 0200
a501 0000 0000 0000 281d 2000 0000 0000
0800 0000 0000 0000 a00b 0000 0000 0000
301d 2000 0000 0000 0800 0000 0000 0000
e310 0000 0000 0000 381d 2000 0000 0000
0800 0000 0000 0000 600b 0000 0000 0000
0820 2000 0000 0000 0800 0000 0000 0000
0820 2000 0000 0000 c81f 2000 0000 0000
0600 0000 0100 0000 0000 0000 0000 0000
d01f 2000 0000 0000 0600 0000 0200 0000
0000 0000 0000 0000 d81f 2000 0000 0000
0600 0000 1100 0000 0000 0000 0000 0000
e01f 2000 0000 0000 0600 0000 1200 0000
0000 0000 0000 0000 e81f 2000 0000 0000
0600 0000 1300 0000 0000 0000 0000 0000
f01f 2000 0000 0000 0600 0000 1400 0000
0000 0000 0000 0000 f81f 2000 0000 0000
0600 0000 1500 0000 0000 0000 0000 0000
2020 2000 0000 0000 0500 0000 1600 0000
0000 0000 0000 0000 581f 2000 0000 0000
0700 0000 0300 0000 0000 0000 0000 0000
601f 2000 0000 0000 0700 0000 0400 0000
0000 0000 0000 0000 681f 2000 0000 0000
0700 0000 0500 0000 0000 0000 0000 0000
701f 2000 0000 0000 0700 0000 0600 0000
0000 0000 0000 0000 781f 2000 0000 0000
0700 0000 0700 0000 0000 0000 0000 0000
801f 2000 0000 0000 0700 0000 0800 0000
0000 0000 0000 0000 881f 2000 0000 0000
0700 0000 0900 0000 0000 0000 0000 0000
901f 2000 0000 0000 0700 0000 0a00 0000
0000 0000 0000 0000 981f 2000 0000 0000
0700 0000 0b00 0000 0000 0000 0000 0000
a01f 2000 0000 0000 0700 0000 0c00 0000
0000 0000 0000 0000 a81f 2000 0000 0000
0700 0000 0d00 0000 0000 0000 0000 0000
b01f 2000 0000 0000 0700 0000 0e00 0000
0000 0000 0000 0000 b81f 2000 0000 0000
0700 0000 0f00 0000 0000 0000 0000 0000
c01f 2000 0000 0000 0700 0000 1000 0000
0000 0000 0000 0000 4883 ec08 488b 0555
1620 0048 85c0 7402 ffd0 4883 c408 c300
ff35 a215 2000 ff25 a415 2000 0f1f 4000
ff25 a215 2000 6800 0000 00e9 e0ff ffff
ff25 9a15 2000 6801 0000 00e9 d0ff ffff
ff25 9215 2000 6802 0000 00e9 c0ff ffff
ff25 8a15 2000 6803 0000 00e9 b0ff ffff
ff25 8215 2000 6804 0000 00e9 a0ff ffff
ff25 7a15 2000 6805 0000 00e9 90ff ffff
ff25 7215 2000 6806 0000 00e9 80ff ffff
ff25 6a15 2000 6807 0000 00e9 70ff ffff
ff25 6215 2000 6808 0000 00e9 60ff ffff
ff25 5a15 2000 6809 0000 00e9 50ff ffff
ff25 5215 2000 680a 0000 00e9 40ff ffff
ff25 4a15 2000 680b 0000 00e9 30ff ffff
ff25 4215 2000 680c 0000 00e9 20ff ffff
ff25 3a15 2000 680d 0000 00e9 10ff ffff
ff25 3215 2000 6690 0000 0000 0000 0000
31ed 4989 d15e 4889 e248 83e4 f050 544c
8d05 da06 0000 488d 0d63 0600 0048 8d3d
f601 0000 ff15 1615 2000 f40f 1f44 0000
488d 3d39 1520 0055 488d 0531 1520 0048
39f8 4889 e574 1948 8b05 ea14 2000 4885
c074 0d5d ffe0 662e 0f1f 8400 0000 0000
5dc3 0f1f 4000 662e 0f1f 8400 0000 0000
488d 3df9 1420 0048 8d35 f214 2000 5548
29fe 4889 e548 c1fe 0348 89f0 48c1 e83f
4801 c648 d1fe 7418 488b 05b1 1420 0048
85c0 740c 5dff e066 0f1f 8400 0000 0000
5dc3 0f1f 4000 662e 0f1f 8400 0000 0000
803d c915 2000 0075 2f48 833d 5714 2000
0055 4889 e574 0c48 8b3d 8a14 2000 e80d
ffff ffe8 48ff ffff c605 a115 2000 015d
c30f 1f80 0000 0000 f3c3 660f 1f44 0000
5548 89e5 5de9 66ff ffff 5548 89e5 5348
83ec 3889 7ddc 8975 d848 8955 d048 894d
c864 488b 0425 2800 0000 4889 45e8 31c0
837d dc00 7406 837d d800 750a b800 0000
00e9 b900 0000 8b45 dc48 9848 c1e0 0248
8d50 fc48 8b45 d048 01d0 8b00 3945 d87d
1d8b 45dc 8d78 ff48 8b4d c848 8b55 d08b
45d8 89c6 e891 ffff ffe9 8100 0000 8b45
dc8d 78ff 488b 4dc8 488b 55d0 8b45 d889
c6e8 74ff ffff 8945 e48b 45dc 4898 48c1
e002 488d 50fc 488b 45c8 4801 d08b 188b
45dc 4898 48c1 e002 488d 50fc 488b 45d0
4801 d08b 008b 55d8 89d6 29c6 8b45 dc8d
78ff 488b 55c8 488b 45d0 4889 d148 89c2
e825 ffff ff01 d889 45e0 488d 55e4 488d
45e0 4889 d648 89c7 e85b 0400 008b 0048
8b5d e864 4833 1c25 2800 0000 7405 e83d
fdff ff48 83c4 385b 5dc3 5548 89e5 4156
4155 4154 5348 81ec 7004 0000 6448 8b04
2528 0000 0048 8945 d831 c048 89e0 4989
c448 8d35 6805 0000 488d 3d63 0500 00e8
0cfd ffff 4889 85c8 fbff ff48 83bd c8fb
ffff 0075 1648 8d3d 5f05 0000 e81f fdff
ffbf 0100 0000 e8f5 fcff ffc7 85b0 fbff
ff00 0000 0048 8b95 c8fb ffff 488d 85f0
fbff ffbe e703 0000 4889 c7e8 30fd ffff
488b 85c8 fbff ff48 89c7 e8f1 fcff ff85
c00f 95c0 84c0 0f85 a900 0000 83bd b0fb
ffff 010f 849f 0000 0048 8d85 f0fb ffff
488d 350b 0500 0048 89c7 e8e1 fcff ff48
8985 c0fb ffff c785 b4fb ffff 0000 0000
4883 bdc0 fbff ff00 745f 83bd b0fb ffff
0075 3583 bdb4 fbff ff00 7517 488b 85c0
fbff ff48 89c7 e895 fcff ff89 85ac fbff
ffeb 1548 8b85 c0fb ffff 4889 c7e8 7efc
ffff 8985 a8fb ffff 488d 35a3 0400 00bf
0000 0000 e877 fcff ff48 8985 c0fb ffff
8385 b4fb ffff 01eb 9783 85b0 fbff ff01
e920 ffff ff90 eb01 908b 85ac fbff ff48
9848 83e8 0148 8985 d0fb ffff 4889 c248
83c2 0148 8995 90fb ffff 48c7 8598 fbff
ff00 0000 0048 89c2 4883 c201 4889 9580
fbff ff48 c785 88fb ffff 0000 0000 4883
c001 48c1 e002 488d 5003 b810 0000 0048
83e8 0148 01d0 bb10 0000 00ba 0000 0000
48f7 f348 6bc0 1048 29c4 4889 e048 83c0
0348 c1e8 0248 c1e0 0248 8985 d8fb ffff
8b85 acfb ffff 4898 4883 e801 4889 85e0
fbff ff48 89c2 4883 c201 4889 9570 fbff
ff48 c785 78fb ffff 0000 0000 4889 c248
83c2 0149 89d5 41be 0000 0000 4883 c001
48c1 e002 488d 5003 b810 0000 0048 83e8
0148 01d0 b910 0000 00ba 0000 0000 48f7
f148 6bc0 1048 29c4 4889 e048 83c0 0348
c1e8 0248 c1e0 0248 8985 e8fb ffff 488b
95c8 fbff ff48 8d85 f0fb ffff bee7 0300
0048 89c7 e847 fbff ff48 8b85 c8fb ffff
4889 c7e8 08fb ffff 85c0 0f95 c084 c00f
85ba 0000 0048 8d85 f0fb ffff 488d 352f
0300 0048 89c7 e805 fbff ff48 8985 c0fb
ffff c785 b8fb ffff 0000 0000 4883 bdc0
fbff ff00 747d 83bd b8fb ffff 0075 298b
85b0 fbff ff8d 58ff 488b 85c0 fbff ff48
89c7 e8b9 faff ff89 c148 8b85 e8fb ffff
4863 d389 0c90 eb27 8b85 b0fb ffff 8d58
ff48 8b85 c0fb ffff 4889 c7e8 90fa ffff
89c1 488b 85d8 fbff ff48 63d3 890c 9048
8d35 ac02 0000 bf00 0000 00e8 80fa ffff
4889 85c0 fbff ff83 85b8 fbff ff01 e979
ffff ff83 85b0 fbff ff01 e90f ffff ff90
488b 85c8 fbff ff48 89c7 e8c1 f9ff ff48
8b8d d8fb ffff 488b 95e8 fbff ff8b b5a8
fbff ff8b 85ac fbff ff89 c7e8 7afb ffff
8985 bcfb ffff 488d 3547 0200 0048 8d3d
dc0f 2000 e877 f9ff ff48 89c2 8b85 bcfb
ffff 89c6 4889 d7e8 24fa ffff 4889 c248
8b05 6a0f 2000 4889 c648 89d7 e86f f9ff
ffb8 0000 0000 4c89 e448 8b5d d864 4833
1c25 2800 0000 7405 e863 f9ff ff48 8d65
e05b 415c 415d 415e 5dc3 5548 89e5 4883
ec10 897d fc89 75f8 837d fc01 7532 817d
f8ff ff00 0075 2948 8d3d 7310 2000 e85d
f9ff ff48 8d15 3e0f 2000 488d 3560 1020
0048 8b05 200f 2000 4889 c7e8 d0f8 ffff
90c9 c355 4889 e5be ffff 0000 bf01 0000
00e8 a4ff ffff 5dc3 5548 89e5 4889 7df8
4889 75f0 488b 45f8 8b10 488b 45f0 8b00
39c2 7d06 488b 45f0 eb04 488b 45f8 5dc3
4157 4156 4989 d741 5541 544c 8d25 f60b
2000 5548 8d2d fe0b 2000 5341 89fd 4989
f64c 29e5 4883 ec08 48c1 fd03 e837 f8ff
ff48 85ed 7420 31db 0f1f 8400 0000 0000
4c89 fa4c 89f6 4489 ef41 ff14 dc48 83c3
0148 39dd 75ea 4883 c408 5b5d 415c 415d
415e 415f c390 662e 0f1f 8400 0000 0000
f3c3 0000 4883 ec08 4883 c408 c300 0000
0100 0200 0000 0000 0000 0000 0200 0000
0000 0000 0100 0000 0200 0000 0400 0000
0800 0000 1000 0000 2000 0000 4000 0000
8000 0000 0001 0000 0002 0000 0004 0000
0000 0000 0100 0000 0200 0000 0400 0000
0800 0000 1000 0000 2000 0000 4000 0000
8000 0000 0000 0000 0001 0000 0002 0000
0004 0000 0000 0000 0100 0000 0200 0000
0300 0000 0400 0000 0500 0000 0600 0000
0700 0000 0800 0000 0900 0000 0a00 0000
0b00 0000 0c00 0000 ffff ffff ffff ffff
7200 696e 7374 616e 6369 6173 2f6d 6f63
6869 6c61 3031 2e74 7874 0061 7271 7569
766f 206e 616f 2065 6e63 6f6e 7472 6164
6f00 2000 7661 6c6f 7220 3a20 0000 0000
011b 033b 5c00 0000 0a00 0000 10f7 ffff
a800 0000 00f8 ffff d000 0000 10f8 ffff
7800 0000 1af9 ffff e800 0000 2afa ffff
0c01 0000 0afe ffff 5401 0000 53fe ffff
7401 0000 68fe ffff 3401 0000 90fe ffff
9801 0000 00ff ffff e001 0000 0000 0000
1400 0000 0000 0000 017a 5200 0178 1001
1b0c 0708 9001 0710 1400 0000 1c00 0000
90f7 ffff 2b00 0000 0000 0000 0000 0000
1400 0000 0000 0000 017a 5200 0178 1001
1b0c 0708 9001 0000 2400 0000 1c00 0000
60f6 ffff f000 0000 000e 1046 0e18 4a0f
0b77 0880 003f 1a3b 2a33 2422 0000 0000
1400 0000 4400 0000 28f7 ffff 0800 0000
0000 0000 0000 0000 2000 0000 5c00 0000
2af8 ffff 1001 0000 0041 0e10 8602 430d
0645 8303 0306 010c 0708 0000 2400 0000
8000 0000 16f9 ffff e003 0000 0041 0e10
8602 430d 064e 8e03 8d04 8c05 8306 03cd
030c 0708 1c00 0000 a800 0000 2cfd ffff
2800 0000 0041 0e10 8602 430d 0663 0c07
0800 0000 1c00 0000 c800 0000 aefc ffff
4900 0000 0041 0e10 8602 430d 0602 440c
0708 0000 2000 0000 e800 0000 d7fc ffff
1500 0000 0041 0e10 8602 430d 0650 0c07
0800 0000 0000 0000 4400 0000 0c01 0000
f0fc ffff 6500 0000 0042 0e10 8f02 420e
188e 0345 0e20 8d04 420e 288c 0548 0e30
8606 480e 3883 074d 0e40 720e 3841 0e30
410e 2842 0e20 420e 1842 0e10 420e 0800
1000 0000 5401 0000 18fd ffff 0200 0000
0000 0000 0000 0000 0000 0000 0000 0000
0000 0000 0000 0000 0000 0000 0000 0000
0000 0000 0000 0000 0000 0000 0000 0000
0000 0000 0000 0000 0000 0000 0000 0000
0000 0000 0000 0000 0000 0000 0000 0000
0000 0000 0000 0000 0000 0000 0000 0000
0000 0000 0000 0000 0000 0000 0000 0000
0000 0000 0000 0000 0000 0000 0000 0000
0000 0000 0000 0000 0000 0000 0000 0000
0000 0000 0000 0000 0000 0000 0000 0000
0000 0000 0000 0000 0000 0000 0000 0000
0000 0000 0000 0000 0000 0000 0000 0000
0000 0000 0000 0000 0000 0000 0000 0000
0000 0000 0000 0000 0000 0000 0000 0000
0000 0000 0000 0000 0000 0000 0000 0000
0000 0000 0000 0000 0000 0000 0000 0000
0000 0000 0000 0000 0000 0000 0000 0000
0000 0000 0000 0000 0000 0000 0000 0000
0000 0000 0000 0000 0000 0000 0000 0000
0000 0000 0000 0000 0000 0000 0000 0000
0000 0000 0000 0000 0000 0000 0000 0000
0000 0000 0000 0000 0000 0000 0000 0000
0000 0000 0000 0000 0000 0000 0000 0000
0000 0000 0000 0000 0000 0000 0000 0000
0000 0000 0000 0000 0000 0000 0000 0000
0000 0000 0000 0000 0000 0000 0000 0000
0000 0000 0000 0000 0000 0000 0000 0000
0000 0000 0000 0000 0000 0000 0000 0000
0000 0000 0000 0000 0000 0000 0000 0000
0000 0000 0000 0000 0000 0000 0000 0000
0000 0000 0000 0000 0000 0000 0000 0000
0000 0000 0000 0000 0000 0000 0000 0000
0000 0000 0000 0000 0000 0000 0000 0000
0000 0000 0000 0000 0000 0000 0000 0000
0000 0000 0000 0000 0000 0000 0000 0000
0000 0000 0000 0000 0000 0000 0000 0000
0000 0000 0000 0000 0000 0000 0000 0000
0000 0000 0000 0000 0000 0000 0000 0000
0000 0000 0000 0000 0000 0000 0000 0000
0000 0000 0000 0000 0000 0000 0000 0000
0000 0000 0000 0000 0000 0000 0000 0000
0000 0000 0000 0000 0000 0000 0000 0000
0000 0000 0000 0000 0000 0000 0000 0000
0000 0000 0000 0000 0000 0000 0000 0000
0000 0000 0000 0000 0000 0000 0000 0000
0000 0000 0000 0000 0000 0000 0000 0000
0000 0000 0000 0000 0000 0000 0000 0000
0000 0000 0000 0000 0000 0000 0000 0000
0000 0000 0000 0000 0000 0000 0000 0000
0000 0000 0000 0000 0000 0000 0000 0000
0000 0000 0000 0000 0000 0000 0000 0000
0000 0000 0000 0000 0000 0000 0000 0000
0000 0000 0000 0000 0000 0000 0000 0000
0000 0000 0000 0000 0000 0000 0000 0000
0000 0000 0000 0000 0000 0000 0000 0000
0000 0000 0000 0000 0000 0000 0000 0000
0000 0000 0000 0000 0000 0000 0000 0000
0000 0000 0000 0000 0000 0000 0000 0000
0000 0000 0000 0000 0000 0000 0000 0000
0000 0000 0000 0000 0000 0000 0000 0000
0000 0000 0000 0000 0000 0000 0000 0000
0000 0000 0000 0000 0000 0000 0000 0000
0000 0000 0000 0000 0000 0000 0000 0000
0000 0000 0000 0000 0000 0000 0000 0000
0000 0000 0000 0000 0000 0000 0000 0000
0000 0000 0000 0000 0000 0000 0000 0000
0000 0000 0000 0000 0000 0000 0000 0000
0000 0000 0000 0000 0000 0000 0000 0000
0000 0000 0000 0000 0000 0000 0000 0000
0000 0000 0000 0000 0000 0000 0000 0000
0000 0000 0000 0000 0000 0000 0000 0000
0000 0000 0000 0000 0000 0000 0000 0000
0000 0000 0000 0000 0000 0000 0000 0000
0000 0000 0000 0000 0000 0000 0000 0000
0000 0000 0000 0000 0000 0000 0000 0000
0000 0000 0000 0000 0000 0000 0000 0000
0000 0000 0000 0000 0000 0000 0000 0000
0000 0000 0000 0000 0000 0000 0000 0000
0000 0000 0000 0000 0000 0000 0000 0000
0000 0000 0000 0000 0000 0000 0000 0000
0000 0000 0000 0000 0000 0000 0000 0000
0000 0000 0000 0000 0000 0000 0000 0000
0000 0000 0000 0000 0000 0000 0000 0000
0000 0000 0000 0000 0000 0000 0000 0000
0000 0000 0000 0000 0000 0000 0000 0000
0000 0000 0000 0000 0000 0000 0000 0000
0000 0000 0000 0000 0000 0000 0000 0000
0000 0000 0000 0000 0000 0000 0000 0000
0000 0000 0000 0000 0000 0000 0000 0000
0000 0000 0000 0000 0000 0000 0000 0000
0000 0000 0000 0000 0000 0000 0000 0000
0000 0000 0000 0000 0000 0000 0000 0000
0000 0000 0000 0000 0000 0000 0000 0000
0000 0000 0000 0000 0000 0000 0000 0000
0000 0000 0000 0000 0000 0000 0000 0000
0000 0000 0000 0000 0000 0000 0000 0000
0000 0000 0000 0000 0000 0000 0000 0000
0000 0000 0000 0000 0000 0000 0000 0000
0000 0000 0000 0000 0000 0000 0000 0000
0000 0000 0000 0000 0000 0000 0000 0000
0000 0000 0000 0000 0000 0000 0000 0000
0000 0000 0000 0000 0000 0000 0000 0000
0000 0000 0000 0000 0000 0000 0000 0000
0000 0000 0000 0000 0000 0000 0000 0000
0000 0000 0000 0000 0000 0000 0000 0000
0000 0000 0000 0000 0000 0000 0000 0000
0000 0000 0000 0000 0000 0000 0000 0000
0000 0000 0000 0000 0000 0000 0000 0000
0000 0000 0000 0000 0000 0000 0000 0000
0000 0000 0000 0000 0000 0000 0000 0000
0000 0000 0000 0000 0000 0000 0000 0000
0000 0000 0000 0000 0000 0000 0000 0000
0000 0000 0000 0000 0000 0000 0000 0000
0000 0000 0000 0000 0000 0000 0000 0000
0000 0000 0000 0000 0000 0000 0000 0000
0000 0000 0000 0000 0000 0000 0000 0000
0000 0000 0000 0000 0000 0000 0000 0000
0000 0000 0000 0000 0000 0000 0000 0000
0000 0000 0000 0000 0000 0000 0000 0000
0000 0000 0000 0000 0000 0000 0000 0000
0000 0000 0000 0000 0000 0000 0000 0000
0000 0000 0000 0000 0000 0000 0000 0000
0000 0000 0000 0000 0000 0000 0000 0000
0000 0000 0000 0000 0000 0000 0000 0000
0000 0000 0000 0000 0000 0000 0000 0000
0000 0000 0000 0000 0000 0000 0000 0000
0000 0000 0000 0000 0000 0000 0000 0000
0000 0000 0000 0000 0000 0000 0000 0000
0000 0000 0000 0000 0000 0000 0000 0000
0000 0000 0000 0000 0000 0000 0000 0000
0000 0000 0000 0000 0000 0000 0000 0000
0000 0000 0000 0000 0000 0000 0000 0000
0000 0000 0000 0000 0000 0000 0000 0000
0000 0000 0000 0000 0000 0000 0000 0000
0000 0000 0000 0000 0000 0000 0000 0000
0000 0000 0000 0000 0000 0000 0000 0000
0000 0000 0000 0000 0000 0000 0000 0000
0000 0000 0000 0000 0000 0000 0000 0000
0000 0000 0000 0000 a00b 0000 0000 0000
e310 0000 0000 0000 600b 0000 0000 0000
0100 0000 0000 0000 0100 0000 0000 0000
0100 0000 0000 0000 1d01 0000 0000 0000
0c00 0000 0000 0000 8809 0000 0000 0000
0d00 0000 0000 0000 9411 0000 0000 0000
1900 0000 0000 0000 281d 2000 0000 0000
1b00 0000 0000 0000 1000 0000 0000 0000
1a00 0000 0000 0000 381d 2000 0000 0000
1c00 0000 0000 0000 0800 0000 0000 0000
f5fe ff6f 0000 0000 9802 0000 0000 0000
0500 0000 0000 0000 e804 0000 0000 0000
0600 0000 0000 0000 c002 0000 0000 0000
0a00 0000 0000 0000 b101 0000 0000 0000
0b00 0000 0000 0000 1800 0000 0000 0000
1500 0000 0000 0000 0000 0000 0000 0000
0300 0000 0000 0000 401f 2000 0000 0000
0200 0000 0000 0000 5001 0000 0000 0000
1400 0000 0000 0000 0700 0000 0000 0000
1700 0000 0000 0000 3808 0000 0000 0000
0700 0000 0000 0000 1807 0000 0000 0000
0800 0000 0000 0000 2001 0000 0000 0000
0900 0000 0000 0000 1800 0000 0000 0000
1e00 0000 0000 0000 0800 0000 0000 0000
fbff ff6f 0000 0000 0100 0008 0000 0000
feff ff6f 0000 0000 c806 0000 0000 0000
ffff ff6f 0000 0000 0200 0000 0000 0000
f0ff ff6f 0000 0000 9a06 0000 0000 0000
f9ff ff6f 0000 0000 0400 0000 0000 0000
0000 0000 0000 0000 0000 0000 0000 0000
0000 0000 0000 0000 0000 0000 0000 0000
0000 0000 0000 0000 0000 0000 0000 0000
0000 0000 0000 0000 0000 0000 0000 0000
0000 0000 0000 0000 0000 0000 0000 0000
401d 2000 0000 0000 0000 0000 0000 0000
0000 0000 0000 0000 b609 0000 0000 0000
c609 0000 0000 0000 d609 0000 0000 0000
e609 0000 0000 0000 f609 0000 0000 0000
060a 0000 0000 0000 160a 0000 0000 0000
260a 0000 0000 0000 360a 0000 0000 0000
460a 0000 0000 0000 560a 0000 0000 0000
660a 0000 0000 0000 760a 0000 0000 0000
860a 0000 0000 0000 0000 0000 0000 0000
0000 0000 0000 0000 0000 0000 0000 0000
0000 0000 0000 0000 0000 0000 0000 0000
0000 0000 0000 0000 0000 0000 0000 0000
0000 0000 0000 0000 0820 2000 0000 0000
4743 433a 2028 5562 756e 7475 2037 2e33
2e30 2d31 3675 6275 6e74 7533 2920 372e
332e 3000 0000 0000 0000 0000 0000 0000
0000 0000 0000 0000 0000 0000 0000 0000
0000 0000 0300 0100 3802 0000 0000 0000
0000 0000 0000 0000 0000 0000 0300 0200
5402 0000 0000 0000 0000 0000 0000 0000
0000 0000 0300 0300 7402 0000 0000 0000
0000 0000 0000 0000 0000 0000 0300 0400
9802 0000 0000 0000 0000 0000 0000 0000
0000 0000 0300 0500 c002 0000 0000 0000
0000 0000 0000 0000 0000 0000 0300 0600
e804 0000 0000 0000 0000 0000 0000 0000
0000 0000 0300 0700 9a06 0000 0000 0000
0000 0000 0000 0000 0000 0000 0300 0800
c806 0000 0000 0000 0000 0000 0000 0000
0000 0000 0300 0900 1807 0000 0000 0000
0000 0000 0000 0000 0000 0000 0300 0a00
3808 0000 0000 0000 0000 0000 0000 0000
0000 0000 0300 0b00 8809 0000 0000 0000
0000 0000 0000 0000 0000 0000 0300 0c00
a009 0000 0000 0000 0000 0000 0000 0000
0000 0000 0300 0d00 900a 0000 0000 0000
0000 0000 0000 0000 0000 0000 0300 0e00
a00a 0000 0000 0000 0000 0000 0000 0000
0000 0000 0300 0f00 9411 0000 0000 0000
0000 0000 0000 0000 0000 0000 0300 1000
a011 0000 0000 0000 0000 0000 0000 0000
0000 0000 0300 1100 9012 0000 0000 0000
0000 0000 0000 0000 0000 0000 0300 1200
f012 0000 0000 0000 0000 0000 0000 0000
0000 0000 0300 1300 281d 2000 0000 0000
0000 0000 0000 0000 0000 0000 0300 1400
381d 2000 0000 0000 0000 0000 0000 0000
0000 0000 0300 1500 401d 2000 0000 0000
0000 0000 0000 0000 0000 0000 0300 1600
401f 2000 0000 0000 0000 0000 0000 0000
0000 0000 0300 1700 0020 2000 0000 0000
0000 0000 0000 0000 0000 0000 0300 1800
2020 2000 0000 0000 0000 0000 0000 0000
0000 0000 0300 1900 0000 0000 0000 0000
0000 0000 0000 0000 0100 0000 0400 f1ff
0000 0000 0000 0000 0000 0000 0000 0000
0c00 0000 0200 0e00 d00a 0000 0000 0000
0000 0000 0000 0000 0e00 0000 0200 0e00
100b 0000 0000 0000 0000 0000 0000 0000
2100 0000 0200 0e00 600b 0000 0000 0000
0000 0000 0000 0000 3700 0000 0100 1800
3021 2000 0000 0000 0100 0000 0000 0000
4600 0000 0100 1400 381d 2000 0000 0000
0000 0000 0000 0000 6d00 0000 0200 0e00
a00b 0000 0000 0000 0000 0000 0000 0000
7900 0000 0100 1300 281d 2000 0000 0000
0000 0000 0000 0000 9800 0000 0400 f1ff
0000 0000 0000 0000 0000 0000 0000 0000
a500 0000 0100 1000 a811 0000 0000 0000
0100 0000 0000 0000 c000 0000 0100 1800
3121 2000 0000 0000 0100 0000 0000 0000
cf00 0000 0100 1000 a911 0000 0000 0000
0100 0000 0000 0000 e400 0000 0100 1000
aa11 0000 0000 0000 0100 0000 0000 0000
f100 0000 0100 1000 ac11 0000 0000 0000
0400 0000 0000 0000 1801 0000 0100 1000
b011 0000 0000 0000 0100 0000 0000 0000
2a01 0000 0100 1000 b111 0000 0000 0000
0100 0000 0000 0000 3d01 0000 0100 1000
b211 0000 0000 0000 0100 0000 0000 0000
4f01 0000 0100 1000 b411 0000 0000 0000
0400 0000 0000 0000 6e01 0000 0100 1000
b811 0000 0000 0000 0400 0000 0000 0000
8e01 0000 0100 1000 bc11 0000 0000 0000
0400 0000 0000 0000 b001 0000 0100 1000
c011 0000 0000 0000 0400 0000 0000 0000
d101 0000 0100 1000 c411 0000 0000 0000
0400 0000 0000 0000 f601 0000 0100 1000
c811 0000 0000 0000 0400 0000 0000 0000
1502 0000 0100 1000 cc11 0000 0000 0000
0400 0000 0000 0000 3702 0000 0100 1000
d011 0000 0000 0000 0400 0000 0000 0000
5402 0000 0100 1000 d411 0000 0000 0000
0400 0000 0000 0000 7202 0000 0100 1000
d811 0000 0000 0000 0400 0000 0000 0000
9102 0000 0100 1000 dc11 0000 0000 0000
0400 0000 0000 0000 b802 0000 0100 1000
e011 0000 0000 0000 0400 0000 0000 0000
e002 0000 0100 1000 e411 0000 0000 0000
0400 0000 0000 0000 0803 0000 0100 1000
e811 0000 0000 0000 0400 0000 0000 0000
3003 0000 0100 1000 ec11 0000 0000 0000
0400 0000 0000 0000 5803 0000 0100 1000
f011 0000 0000 0000 0400 0000 0000 0000
8003 0000 0100 1000 f411 0000 0000 0000
0400 0000 0000 0000 a303 0000 0100 1000
f811 0000 0000 0000 0400 0000 0000 0000
cc03 0000 0100 1000 fc11 0000 0000 0000
0400 0000 0000 0000 f703 0000 0100 1000
0012 0000 0000 0000 0400 0000 0000 0000
2204 0000 0100 1000 0412 0000 0000 0000
0400 0000 0000 0000 4b04 0000 0100 1000
0812 0000 0000 0000 0400 0000 0000 0000
7004 0000 0100 1000 0c12 0000 0000 0000
0400 0000 0000 0000 9904 0000 0100 1000
1012 0000 0000 0000 0400 0000 0000 0000
c504 0000 0100 1000 1412 0000 0000 0000
0400 0000 0000 0000 ed04 0000 0100 1000
1812 0000 0000 0000 0400 0000 0000 0000
1305 0000 0100 1000 1c12 0000 0000 0000
0400 0000 0000 0000 3a05 0000 0100 1000
2012 0000 0000 0000 0400 0000 0000 0000
6205 0000 0100 1000 2412 0000 0000 0000
0400 0000 0000 0000 8805 0000 0100 1000
2812 0000 0000 0000 0400 0000 0000 0000
ae05 0000 0100 1000 2c12 0000 0000 0000
0400 0000 0000 0000 d405 0000 0100 1000
3012 0000 0000 0000 0400 0000 0000 0000
fd05 0000 0100 1000 3412 0000 0000 0000
0400 0000 0000 0000 2306 0000 0100 1000
3812 0000 0000 0000 0400 0000 0000 0000
4906 0000 0100 1000 3c12 0000 0000 0000
0400 0000 0000 0000 7306 0000 0100 1000
4012 0000 0000 0000 0400 0000 0000 0000
9e06 0000 0100 1000 4412 0000 0000 0000
0400 0000 0000 0000 c406 0000 0100 1000
4812 0000 0000 0000 0800 0000 0000 0000
ea06 0000 0200 0e00 9a10 0000 0000 0000
4900 0000 0000 0000 1a07 0000 0200 0e00
e310 0000 0000 0000 1500 0000 0000 0000
0100 0000 0400 f1ff 0000 0000 0000 0000
0000 0000 0000 0000 3b07 0000 0100 1200
8414 0000 0000 0000 0000 0000 0000 0000
0000 0000 0400 f1ff 0000 0000 0000 0000
0000 0000 0000 0000 4907 0000 0000 1100
9012 0000 0000 0000 0000 0000 0000 0000
5c07 0000 0100 1500 401d 2000 0000 0000
0000 0000 0000 0000 6507 0000 0000 1300
381d 2000 0000 0000 0000 0000 0000 0000
7607 0000 0000 1300 281d 2000 0000 0000
0000 0000 0000 0000 8907 0000 0100 1600
401f 2000 0000 0000 0000 0000 0000 0000
9f07 0000 1000 1700 1020 2000 0000 0000
0000 0000 0000 0000 1009 0000 2000 1700
0020 2000 0000 0000 0000 0000 0000 0000
a607 0000 1100 1000 a011 0000 0000 0000
0400 0000 0000 0000 2907 0000 1200 0e00
aa0b 0000 0000 0000 1001 0000 0000 0000
b507 0000 2200 0000 0000 0000 0000 0000
0000 0000 0000 0000 d107 0000 1200 0e00
ba0c 0000 0000 0000 e003 0000 0000 0000
d607 0000 1200 0000 0000 0000 0000 0000
0000 0000 0000 0000 1e08 0000 1102 1700
0820 2000 0000 0000 0000 0000 0000 0000
0c0a 0000 1200 0f00 9411 0000 0000 0000
0000 0000 0000 0000 2b08 0000 1200 0000
0000 0000 0000 0000 0000 0000 0000 0000
1409 0000 1200 0e00 a00a 0000 0000 0000
2b00 0000 0000 0000 4508 0000 1200 0000
0000 0000 0000 0000 0000 0000 0000 0000
8a08 0000 1200 0000 0000 0000 0000 0000
0000 0000 0000 0000 9e08 0000 1200 0000
0000 0000 0000 0000 0000 0000 0000 0000
bc08 0000 1200 0000 0000 0000 0000 0000
0000 0000 0000 0000 9009 0000 1200 0b00
8809 0000 0000 0000 0000 0000 0000 0000
d808 0000 1102 1700 1020 2000 0000 0000
0000 0000 0000 0000 e408 0000 1200 0000
0000 0000 0000 0000 0000 0000 0000 0000
3308 0000 1200 0000 0000 0000 0000 0000
0000 0000 0000 0000 f708 0000 1100 1800
2020 2000 0000 0000 1001 0000 0000 0000
0e09 0000 1000 1700 0020 2000 0000 0000
0000 0000 0000 0000 7107 0000 1000 1800
3821 2000 0000 0000 0000 0000 0000 0000
1b09 0000 2200 0e00 f810 0000 0000 0000
2800 0000 0000 0000 3109 0000 1000 1800
1020 2000 0000 0000 0000 0000 0000 0000
3d09 0000 1200 0000 0000 0000 0000 0000
0000 0000 0000 0000 6209 0000 1200 0000
0000 0000 0000 0000 0000 0000 0000 0000
7409 0000 1200 0000 0000 0000 0000 0000
0000 0000 0000 0000 8609 0000 1200 0e00
2011 0000 0000 0000 6500 0000 0000 0000
9609 0000 1200 0000 0000 0000 0000 0000
0000 0000 0000 0000 a809 0000 1200 0000
0000 0000 0000 0000 0000 0000 0000 0000
bc09 0000 1200 0000 0000 0000 0000 0000
0000 0000 0000 0000 cf09 0000 1200 0000
0000 0000 0000 0000 0000 0000 0000 0000
e609 0000 2000 0000 0000 0000 0000 0000
0000 0000 0000 0000 020a 0000 1200 0e00
9011 0000 0000 0000 0200 0000 0000 0000
120a 0000 1200 0000 0000 0000 0000 0000
0000 0000 0000 0000 310a 0000 2000 0000
0000 0000 0000 0000 0000 0000 0000 0000
400a 0000 2000 0000 0000 0000 0000 0000
0000 0000 0000 0000 5a0a 0000 1200 0000
0000 0000 0000 0000 0000 0000 0000 0000
0063 7274 7374 7566 662e 6300 6465 7265
6769 7374 6572 5f74 6d5f 636c 6f6e 6573
005f 5f64 6f5f 676c 6f62 616c 5f64 746f
7273 5f61 7578 0063 6f6d 706c 6574 6564
2e37 3639 3600 5f5f 646f 5f67 6c6f 6261
6c5f 6474 6f72 735f 6175 785f 6669 6e69
5f61 7272 6179 5f65 6e74 7279 0066 7261
6d65 5f64 756d 6d79 005f 5f66 7261 6d65
5f64 756d 6d79 5f69 6e69 745f 6172 7261
795f 656e 7472 7900 6b6e 6170 7361 636b
2e63 7070 005f 5a53 744c 3139 7069 6563
6577 6973 655f 636f 6e73 7472 7563 7400
5f5a 5374 4c38 5f5f 696f 696e 6974 005f
5a53 744c 3133 616c 6c6f 6361 746f 725f
6172 6700 5f5a 5374 4c36 6967 6e6f 7265
005f 5a4e 395f 5f67 6e75 5f63 7878 4c32
315f 5f64 6566 6175 6c74 5f6c 6f63 6b5f
706f 6c69 6379 4500 5f5a 5374 4c31 3064
6566 6572 5f6c 6f63 6b00 5f5a 5374 4c31
3174 7279 5f74 6f5f 6c6f 636b 005f 5a53
744c 3130 6164 6f70 745f 6c6f 636b 005f
5a4e 5374 3135 7265 6765 785f 636f 6e73
7461 6e74 734c 3569 6361 7365 4500 5f5a
4e53 7431 3572 6567 6578 5f63 6f6e 7374
616e 7473 4c36 6e6f 7375 6273 4500 5f5a
4e53 7431 3572 6567 6578 5f63 6f6e 7374
616e 7473 4c38 6f70 7469 6d69 7a65 4500
5f5a 4e53 7431 3572 6567 6578 5f63 6f6e
7374 616e 7473 4c37 636f 6c6c 6174 6545
005f 5a4e 5374 3135 7265 6765 785f 636f
6e73 7461 6e74 734c 3130 4543 4d41 5363
7269 7074 4500 5f5a 4e53 7431 3572 6567
6578 5f63 6f6e 7374 616e 7473 4c35 6261
7369 6345 005f 5a4e 5374 3135 7265 6765
785f 636f 6e73 7461 6e74 734c 3865 7874
656e 6465 6445 005f 5a4e 5374 3135 7265
6765 785f 636f 6e73 7461 6e74 734c 3361
776b 4500 5f5a 4e53 7431 3572 6567 6578
5f63 6f6e 7374 616e 7473 4c34 6772 6570
4500 5f5a 4e53 7431 3572 6567 6578 5f63
6f6e 7374 616e 7473 4c35 6567 7265 7045
005f 5a4e 5374 3135 7265 6765 785f 636f
6e73 7461 6e74 734c 3132 5f5f 706f 6c79
6e6f 6d69 616c 4500 5f5a 4e53 7431 3572
6567 6578 5f63 6f6e 7374 616e 7473 4c31
336d 6174 6368 5f64 6566 6175 6c74 4500
5f5a 4e53 7431 3572 6567 6578 5f63 6f6e
7374 616e 7473 4c31 336d 6174 6368 5f6e
6f74 5f62 6f6c 4500 5f5a 4e53 7431 3572
6567 6578 5f63 6f6e 7374 616e 7473 4c31
336d 6174 6368 5f6e 6f74 5f65 6f6c 4500
5f5a 4e53 7431 3572 6567 6578 5f63 6f6e
7374 616e 7473 4c31 336d 6174 6368 5f6e
6f74 5f62 6f77 4500 5f5a 4e53 7431 3572
6567 6578 5f63 6f6e 7374 616e 7473 4c31
336d 6174 6368 5f6e 6f74 5f65 6f77 4500
5f5a 4e53 7431 3572 6567 6578 5f63 6f6e
7374 616e 7473 4c39 6d61 7463 685f 616e
7945 005f 5a4e 5374 3135 7265 6765 785f
636f 6e73 7461 6e74 734c 3134 6d61 7463
685f 6e6f 745f 6e75 6c6c 4500 5f5a 4e53
7431 3572 6567 6578 5f63 6f6e 7374 616e
7473 4c31 366d 6174 6368 5f63 6f6e 7469
6e75 6f75 7345 005f 5a4e 5374 3135 7265
6765 785f 636f 6e73 7461 6e74 734c 3136
6d61 7463 685f 7072 6576 5f61 7661 696c
4500 5f5a 4e53 7431 3572 6567 6578 5f63
6f6e 7374 616e 7473 4c31 3466 6f72 6d61
745f 6465 6661 756c 7445 005f 5a4e 5374
3135 7265 6765 785f 636f 6e73 7461 6e74
734c 3130 666f 726d 6174 5f73 6564 4500
5f5a 4e53 7431 3572 6567 6578 5f63 6f6e
7374 616e 7473 4c31 3466 6f72 6d61 745f
6e6f 5f63 6f70 7945 005f 5a4e 5374 3135
7265 6765 785f 636f 6e73 7461 6e74 734c
3137 666f 726d 6174 5f66 6972 7374 5f6f
6e6c 7945 005f 5a4e 5374 3135 7265 6765
785f 636f 6e73 7461 6e74 734c 3133 6572
726f 725f 636f 6c6c 6174 6545 005f 5a4e
5374 3135 7265 6765 785f 636f 6e73 7461
6e74 734c 3131 6572 726f 725f 6374 7970
6545 005f 5a4e 5374 3135 7265 6765 785f
636f 6e73 7461 6e74 734c 3132 6572 726f
725f 6573 6361 7065 4500 5f5a 4e53 7431
3572 6567 6578 5f63 6f6e 7374 616e 7473
4c31 3365 7272 6f72 5f62 6163 6b72 6566
4500 5f5a 4e53 7431 3572 6567 6578 5f63
6f6e 7374 616e 7473 4c31 3165 7272 6f72
5f62 7261 636b 4500 5f5a 4e53 7431 3572
6567 6578 5f63 6f6e 7374 616e 7473 4c31
3165 7272 6f72 5f70 6172 656e 4500 5f5a
4e53 7431 3572 6567 6578 5f63 6f6e 7374
616e 7473 4c31 3165 7272 6f72 5f62 7261
6365 4500 5f5a 4e53 7431 3572 6567 6578
5f63 6f6e 7374 616e 7473 4c31 3465 7272
6f72 5f62 6164 6272 6163 6545 005f 5a4e
5374 3135 7265 6765 785f 636f 6e73 7461
6e74 734c 3131 6572 726f 725f 7261 6e67
6545 005f 5a4e 5374 3135 7265 6765 785f
636f 6e73 7461 6e74 734c 3131 6572 726f
725f 7370 6163 6545 005f 5a4e 5374 3135
7265 6765 785f 636f 6e73 7461 6e74 734c
3135 6572 726f 725f 6261 6472 6570 6561
7445 005f 5a4e 5374 3135 7265 6765 785f
636f 6e73 7461 6e74 734c 3136 6572 726f
725f 636f 6d70 6c65 7869 7479 4500 5f5a
4e53 7431 3572 6567 6578 5f63 6f6e 7374
616e 7473 4c31 3165 7272 6f72 5f73 7461
636b 4500 5f5a 4e53 7438 5f5f 6465 7461
696c 4c31 395f 535f 696e 7661 6c69 645f
7374 6174 655f 6964 4500 5f5a 3431 5f5f
7374 6174 6963 5f69 6e69 7469 616c 697a
6174 696f 6e5f 616e 645f 6465 7374 7275
6374 696f 6e5f 3069 6900 5f47 4c4f 4241
4c5f 5f73 7562 5f49 5f5f 5a38 6b6e 6170
5361 636b 6969 5069 535f 005f 5f46 5241
4d45 5f45 4e44 5f5f 005f 5f47 4e55 5f45
485f 4652 414d 455f 4844 5200 5f44 594e
414d 4943 005f 5f69 6e69 745f 6172 7261
795f 656e 6400 5f5f 696e 6974 5f61 7272
6179 5f73 7461 7274 005f 474c 4f42 414c
5f4f 4646 5345 545f 5441 424c 455f 005f
6564 6174 6100 5f49 4f5f 7374 6469 6e5f
7573 6564 005f 5f63 7861 5f66 696e 616c
697a 6540 4047 4c49 4243 5f32 2e32 2e35
006d 6169 6e00 5f5a 5374 3465 6e64 6c49
6353 7431 3163 6861 725f 7472 6169 7473
4963 4545 5253 7431 3362 6173 6963 5f6f
7374 7265 616d 4954 5f54 305f 4553 365f
4040 474c 4942 4358 585f 332e 3400 5f5f
6473 6f5f 6861 6e64 6c65 005f 5f63 7861
5f61 7465 7869 7440 4047 4c49 4243 5f32
2e32 2e35 005f 5a53 746c 7349 5374 3131
6368 6172 5f74 7261 6974 7349 6345 4552
5374 3133 6261 7369 635f 6f73 7472 6561
6d49 6354 5f45 5335 5f50 4b63 4040 474c
4942 4358 585f 332e 3400 6663 6c6f 7365
4040 474c 4942 435f 322e 322e 3500 5f5a
4e53 6f6c 7345 5046 5253 6f53 5f45 4040
474c 4942 4358 585f 332e 3400 5f5f 7374
6163 6b5f 6368 6b5f 6661 696c 4040 474c
4942 435f 322e 3400 5f5f 544d 435f 454e
445f 5f00 666f 7065 6e40 4047 4c49 4243
5f32 2e32 2e35 005f 5a53 7434 636f 7574
4040 474c 4942 4358 585f 332e 3400 5f5f
6461 7461 5f73 7461 7274 005f 5a53 7433
6d61 7849 6945 524b 545f 5332 5f53 325f
005f 5f62 7373 5f73 7461 7274 005f 5a4e
5374 3869 6f73 5f62 6173 6534 496e 6974
4331 4576 4040 474c 4942 4358 585f 332e
3400 7075 7473 4040 474c 4942 435f 322e
322e 3500 6665 6f66 4040 474c 4942 435f
322e 322e 3500 5f5f 6c69 6263 5f63 7375
5f69 6e69 7400 6174 6f69 4040 474c 4942
435f 322e 322e 3500 7374 7274 6f6b 4040
474c 4942 435f 322e 322e 3500 6667 6574
7340 4047 4c49 4243 5f32 2e32 2e35 005f
5a4e 536f 6c73 4569 4040 474c 4942 4358
585f 332e 3400 5f49 544d 5f64 6572 6567
6973 7465 7254 4d43 6c6f 6e65 5461 626c
6500 5f5f 6c69 6263 5f63 7375 5f66 696e
6900 5f5f 6c69 6263 5f73 7461 7274 5f6d
6169 6e40 4047 4c49 4243 5f32 2e32 2e35
005f 5f67 6d6f 6e5f 7374 6172 745f 5f00
5f49 544d 5f72 6567 6973 7465 7254 4d43
6c6f 6e65 5461 626c 6500 5f5a 4e53 7438
696f 735f 6261 7365 3449 6e69 7444 3145
7640 4047 4c49 4243 5858 5f33 2e34 0000
2e73 796d 7461 6200 2e73 7472 7461 6200
2e73 6873 7472 7461 6200 2e69 6e74 6572
7000 2e6e 6f74 652e 4142 492d 7461 6700
2e6e 6f74 652e 676e 752e 6275 696c 642d
6964 002e 676e 752e 6861 7368 002e 6479
6e73 796d 002e 6479 6e73 7472 002e 676e
752e 7665 7273 696f 6e00 2e67 6e75 2e76
6572 7369 6f6e 5f72 002e 7265 6c61 2e64
796e 002e 7265 6c61 2e70 6c74 002e 696e
6974 002e 706c 742e 676f 7400 2e74 6578
7400 2e66 696e 6900 2e72 6f64 6174 6100
2e65 685f 6672 616d 655f 6864 7200 2e65
685f 6672 616d 6500 2e69 6e69 745f 6172
7261 7900 2e66 696e 695f 6172 7261 7900
2e64 796e 616d 6963 002e 6461 7461 002e
6273 7300 2e63 6f6d 6d65 6e74 0000 0000
0000 0000 0000 0000 0000 0000 0000 0000
0000 0000 0000 0000 0000 0000 0000 0000
0000 0000 0000 0000 0000 0000 0000 0000
0000 0000 0000 0000 0000 0000 0000 0000
1b00 0000 0100 0000 0200 0000 0000 0000
3802 0000 0000 0000 3802 0000 0000 0000
1c00 0000 0000 0000 0000 0000 0000 0000
0100 0000 0000 0000 0000 0000 0000 0000
2300 0000 0700 0000 0200 0000 0000 0000
5402 0000 0000 0000 5402 0000 0000 0000
2000 0000 0000 0000 0000 0000 0000 0000
0400 0000 0000 0000 0000 0000 0000 0000
3100 0000 0700 0000 0200 0000 0000 0000
7402 0000 0000 0000 7402 0000 0000 0000
2400 0000 0000 0000 0000 0000 0000 0000
0400 0000 0000 0000 0000 0000 0000 0000
4400 0000 f6ff ff6f 0200 0000 0000 0000
9802 0000 0000 0000 9802 0000 0000 0000
2400 0000 0000 0000 0500 0000 0000 0000
0800 0000 0000 0000 0000 0000 0000 0000
4e00 0000 0b00 0000 0200 0000 0000 0000
c002 0000 0000 0000 c002 0000 0000 0000
2802 0000 0000 0000 0600 0000 0100 0000
0800 0000 0000 0000 1800 0000 0000 0000
5600 0000 0300 0000 0200 0000 0000 0000
e804 0000 0000 0000 e804 0000 0000 0000
b101 0000 0000 0000 0000 0000 0000 0000
0100 0000 0000 0000 0000 0000 0000 0000
5e00 0000 ffff ff6f 0200 0000 0000 0000
9a06 0000 0000 0000 9a06 0000 0000 0000
2e00 0000 0000 0000 0500 0000 0000 0000
0200 0000 0000 0000 0200 0000 0000 0000
6b00 0000 feff ff6f 0200 0000 0000 0000
c806 0000 0000 0000 c806 0000 0000 0000
5000 0000 0000 0000 0600 0000 0200 0000
0800 0000 0000 0000 0000 0000 0000 0000
7a00 0000 0400 0000 0200 0000 0000 0000
1807 0000 0000 0000 1807 0000 0000 0000
2001 0000 0000 0000 0500 0000 0000 0000
0800 0000 0000 0000 1800 0000 0000 0000
8400 0000 0400 0000 4200 0000 0000 0000
3808 0000 0000 0000 3808 0000 0000 0000
5001 0000 0000 0000 0500 0000 1600 0000
0800 0000 0000 0000 1800 0000 0000 0000
8e00 0000 0100 0000 0600 0000 0000 0000
8809 0000 0000 0000 8809 0000 0000 0000
1700 0000 0000 0000 0000 0000 0000 0000
0400 0000 0000 0000 0000 0000 0000 0000
8900 0000 0100 0000 0600 0000 0000 0000
a009 0000 0000 0000 a009 0000 0000 0000
f000 0000 0000 0000 0000 0000 0000 0000
1000 0000 0000 0000 1000 0000 0000 0000
9400 0000 0100 0000 0600 0000 0000 0000
900a 0000 0000 0000 900a 0000 0000 0000
0800 0000 0000 0000 0000 0000 0000 0000
0800 0000 0000 0000 0800 0000 0000 0000
9d00 0000 0100 0000 0600 0000 0000 0000
a00a 0000 0000 0000 a00a 0000 0000 0000
f206 0000 0000 0000 0000 0000 0000 0000
1000 0000 0000 0000 0000 0000 0000 0000
a300 0000 0100 0000 0600 0000 0000 0000
9411 0000 0000 0000 9411 0000 0000 0000
0900 0000 0000 0000 0000 0000 0000 0000
0400 0000 0000 0000 0000 0000 0000 0000
a900 0000 0100 0000 0200 0000 0000 0000
a011 0000 0000 0000 a011 0000 0000 0000
ed00 0000 0000 0000 0000 0000 0000 0000
0800 0000 0000 0000 0000 0000 0000 0000
b100 0000 0100 0000 0200 0000 0000 0000
9012 0000 0000 0000 9012 0000 0000 0000
5c00 0000 0000 0000 0000 0000 0000 0000
0400 0000 0000 0000 0000 0000 0000 0000
bf00 0000 0100 0000 0200 0000 0000 0000
f012 0000 0000 0000 f012 0000 0000 0000
9801 0000 0000 0000 0000 0000 0000 0000
0800 0000 0000 0000 0000 0000 0000 0000
c900 0000 0e00 0000 0300 0000 0000 0000
281d 2000 0000 0000 281d 0000 0000 0000
1000 0000 0000 0000 0000 0000 0000 0000
0800 0000 0000 0000 0800 0000 0000 0000
d500 0000 0f00 0000 0300 0000 0000 0000
381d 2000 0000 0000 381d 0000 0000 0000
0800 0000 0000 0000 0000 0000 0000 0000
0800 0000 0000 0000 0800 0000 0000 0000
e100 0000 0600 0000 0300 0000 0000 0000
401d 2000 0000 0000 401d 0000 0000 0000
0002 0000 0000 0000 0600 0000 0000 0000
0800 0000 0000 0000 1000 0000 0000 0000
9800 0000 0100 0000 0300 0000 0000 0000
401f 2000 0000 0000 401f 0000 0000 0000
c000 0000 0000 0000 0000 0000 0000 0000
0800 0000 0000 0000 0800 0000 0000 0000
ea00 0000 0100 0000 0300 0000 0000 0000
0020 2000 0000 0000 0020 0000 0000 0000
1000 0000 0000 0000 0000 0000 0000 0000
0800 0000 0000 0000 0000 0000 0000 0000
f000 0000 0800 0000 0300 0000 0000 0000
2020 2000 0000 0000 1020 0000 0000 0000
1801 0000 0000 0000 0000 0000 0000 0000
2000 0000 0000 0000 0000 0000 0000 0000
f500 0000 0100 0000 3000 0000 0000 0000
0000 0000 0000 0000 1020 0000 0000 0000
2400 0000 0000 0000 0000 0000 0000 0000
0100 0000 0000 0000 0100 0000 0000 0000
0100 0000 0200 0000 0000 0000 0000 0000
0000 0000 0000 0000 3820 0000 0000 0000
180c 0000 0000 0000 1b00 0000 5b00 0000
0800 0000 0000 0000 1800 0000 0000 0000
0900 0000 0300 0000 0000 0000 0000 0000
0000 0000 0000 0000 502c 0000 0000 0000
7f0a 0000 0000 0000 0000 0000 0000 0000
0100 0000 0000 0000 0000 0000 0000 0000
1100 0000 0300 0000 0000 0000 0000 0000
0000 0000 0000 0000 cf36 0000 0000 0000
fe00 0000 0000 0000 0000 0000 0000 0000
0100 0000 0000 0000 0000 0000 0000 0000
